80 0.439722 0.693485 0.073889 0.099704
80 0.363611 0.688549 0.063889 0.113524
80 0.561111 0.873643 0.063333 0.118460
81 0.460278 0.886476 0.039444 0.076999
81 0.341389 0.871175 0.047222 0.095755
81 0.468056 0.948174 0.048333 0.058243
80 0.543333 0.364265 0.025556 0.039487
80 0.580278 0.360316 0.018333 0.039487
80 0.325556 0.507404 0.031111 0.071076
80 0.273056 0.677690 0.045000 0.111550
80 0.211389 0.853899 0.045000 0.100691
80 0.512222 0.570089 0.042222 0.077986
80 0.374167 0.525173 0.053889 0.071076
80 0.415833 0.441264 0.030556 0.061204
81 0.498611 0.734452 0.030556 0.051333
81 0.425833 0.741856 0.039444 0.077986