84 0.051953125 0.51875 0.049218750000000006 0.034722222222222224
84 0.2171875 0.5534722222222223 0.22031250000000002 0.12361111111111112
84 0.40625 0.63125 0.029687500000000002 0.029166666666666667
84 0.43828125 0.6111111111111112 0.029687500000000002 0.05277777777777778
84 0.542578125 0.6763888888888889 0.07109375 0.058333333333333334
84 0.64375 0.6694444444444445 0.0125 0.019444444444444445
84 0.65625 0.7055555555555556 0.0 0.0
84 0.71796875 0.7270833333333334 0.1234375 0.043055555555555555
84 0.8 0.7680555555555556 0.0390625 0.030555555555555558
84 0.93515625 0.7701388888888889 0.08750000000000001 0.04861111111111111
85 0.508984375 0.4166666666666667 0.96484375 0.7222222222222222