80 0.820750 0.759940 0.032500 0.040510
80 0.801000 0.702176 0.024000 0.037509
80 0.702500 0.747187 0.038000 0.040510
80 0.637250 0.885971 0.038500 0.055514
80 0.456250 0.627907 0.025500 0.042011
80 0.424000 0.642536 0.024000 0.044261
80 0.509000 0.399850 0.030000 0.067517
80 0.449000 0.379970 0.031000 0.036759
80 0.412000 0.320330 0.026000 0.036009
80 0.375000 0.336834 0.027000 0.048012
80 0.265250 0.360465 0.028500 0.036759
80 0.181250 0.481620 0.028500 0.031508
80 0.090250 0.298200 0.041500 0.054764
80 0.080000 0.055889 0.029000 0.036759
80 0.220000 0.200675 0.035000 0.038260
80 0.584250 0.451613 0.039500 0.052513
80 0.639250 0.578770 0.054500 0.084771
80 0.799000 0.662416 0.029000 0.031508