80 0.380312 0.412222 0.033125 0.062222
80 0.316250 0.416111 0.035000 0.054444
80 0.484375 0.462778 0.032500 0.065556
80 0.605313 0.402778 0.043125 0.058889
80 0.672813 0.360000 0.034375 0.053333
80 0.636563 0.503889 0.026875 0.054444
80 0.729688 0.513889 0.035625 0.063333
80 0.765000 0.373333 0.028750 0.035556
80 0.720000 0.441111 0.031250 0.048889
80 0.436875 0.332778 0.023750 0.056667
80 0.411875 0.352222 0.018750 0.040000
80 0.407500 0.303333 0.027500 0.037778
80 0.358438 0.242778 0.030625 0.030000
80 0.346250 0.271667 0.025000 0.036667
80 0.361250 0.337222 0.036250 0.054444
80 0.278125 0.337778 0.032500 0.046667
80 0.484063 0.401111 0.030625 0.048889
81 0.090313 0.272778 0.029375 0.047778
81 0.317812 0.337778 0.028125 0.040000